32
01
1 '0' 1
1 '1' 1
2 '0' 18
2 '1' 30
3 '0' 19
3 '1' 30
4 '0' 19
4 '1' 27
5 '0' 19
5 '1' 28
6 '0' 22
6 '1' 28
7 '0' 22
7 '1' 28
8 '0' 19
8 '1' 31
9 '0' 22
9 '1' 31
10 '0' 22
10 '1' 31
11 '0' 19
11 '1' 27
12 '0' 19
12 '1' 28
13 '0' 22
13 '1' 28
14 '0' 22
14 '1' 28
15 '0' 18
15 '1' 31
16 '0' 25
16 '1' 31
17 '0' 25
17 '1' 31
18 '0' 26
18 '1' 1
19 '0' 26
19 '1' 26
20 '0' 26
20 '1' 29
21 '0' 29
21 '1' 29
22 '0' 29
22 '1' 29
23 '0' 26
23 '1' 32
24 '0' 29
24 '1' 32
25 '0' 29
25 '1' 32
26 '0' 26
26 '1' 26
27 '0' 26
27 '1' 29
28 '0' 29
28 '1' 29
29 '0' 29
29 '1' 29
30 '0' 1
30 '1' 32
31 '0' 32
31 '1' 32
32 '0' 32
32 '1' 32
2
4 5 6 7 9 10 11 12 13 14 16 17 19 20 21 22 24 25 26 27 28 29 31 32