64
0
1 '0' 1
2 '0' 1
3 '0' 50
4 '0' 35
5 '0' 40
6 '0' 41
7 '0' 38
8 '0' 37
9 '0' 42
10 '0' 39
11 '0' 36
12 '0' 55
13 '0' 56
14 '0' 53
15 '0' 52
16 '0' 57
17 '0' 54
18 '0' 51
19 '0' 34
20 '0' 47
21 '0' 48
22 '0' 45
23 '0' 44
24 '0' 49
25 '0' 46
26 '0' 43
27 '0' 62
28 '0' 63
29 '0' 60
30 '0' 59
31 '0' 64
32 '0' 61
33 '0' 58
34 '0' 50
35 '0' 35
36 '0' 40
37 '0' 41
38 '0' 38
39 '0' 37
40 '0' 42
41 '0' 39
42 '0' 36
43 '0' 55
44 '0' 56
45 '0' 53
46 '0' 52
47 '0' 57
48 '0' 54
49 '0' 51
50 '0' 34
51 '0' 47
52 '0' 48
53 '0' 45
54 '0' 44
55 '0' 49
56 '0' 46
57 '0' 43
58 '0' 62
59 '0' 63
60 '0' 60
61 '0' 59
62 '0' 64
63 '0' 61
64 '0' 58
12
3 4 5 6 7 8 9 10 11 12 13 14 15 16 17 18 20 21 22 23 27 28 29 30 34 35 36 37 38 39 40 41 42 43 44 45 46 47 48 49 51 52 53 54 58 59 60 61