128
dg
1 'd' 1
1 'g' 1
2 'd' 1
2 'g' 1
3 'd' 67
3 'g' 66
4 'd' 68
4 'g' 66
5 'd' 68
5 'g' 66
6 'd' 69
6 'g' 92
7 'd' 69
7 'g' 93
8 'd' 72
8 'g' 93
9 'd' 72
9 'g' 93
10 'd' 68
10 'g' 94
11 'd' 72
11 'g' 94
12 'd' 72
12 'g' 94
13 'd' 69
13 'g' 92
14 'd' 69
14 'g' 93
15 'd' 72
15 'g' 93
16 'd' 72
16 'g' 93
17 'd' 68
17 'g' 94
18 'd' 72
18 'g' 94
19 'd' 72
19 'g' 94
20 'd' 67
20 'g' 66
21 'd' 76
21 'g' 92
22 'd' 76
22 'g' 93
23 'd' 79
23 'g' 93
24 'd' 79
24 'g' 93
25 'd' 67
25 'g' 94
26 'd' 79
26 'g' 94
27 'd' 79
27 'g' 94
28 'd' 76
28 'g' 92
29 'd' 76
29 'g' 93
30 'd' 79
30 'g' 93
31 'd' 79
31 'g' 93
32 'd' 67
32 'g' 94
33 'd' 79
33 'g' 94
34 'd' 79
34 'g' 94
35 'd' 114
35 'g' 1
36 'd' 114
36 'g' 1
37 'd' 115
37 'g' 123
38 'd' 115
38 'g' 93
39 'd' 87
39 'g' 93
40 'd' 87
40 'g' 93
41 'd' 114
41 'g' 94
42 'd' 87
42 'g' 94
43 'd' 87
43 'g' 94
44 'd' 115
44 'g' 123
45 'd' 115
45 'g' 93
46 'd' 87
46 'g' 93
47 'd' 87
47 'g' 93
48 'd' 114
48 'g' 94
49 'd' 87
49 'g' 94
50 'd' 87
50 'g' 94
51 'd' 1
51 'g' 1
52 'd' 122
52 'g' 123
53 'd' 122
53 'g' 93
54 'd' 94
54 'g' 93
55 'd' 94
55 'g' 93
56 'd' 1
56 'g' 94
57 'd' 94
57 'g' 94
58 'd' 94
58 'g' 94
59 'd' 122
59 'g' 123
60 'd' 122
60 'g' 93
61 'd' 94
61 'g' 93
62 'd' 94
62 'g' 93
63 'd' 1
63 'g' 94
64 'd' 94
64 'g' 94
65 'd' 94
65 'g' 94
66 'd' 67
66 'g' 66
67 'd' 68
67 'g' 66
68 'd' 68
68 'g' 66
69 'd' 69
69 'g' 92
70 'd' 69
70 'g' 93
71 'd' 72
71 'g' 93
72 'd' 72
72 'g' 93
73 'd' 68
73 'g' 94
74 'd' 72
74 'g' 94
75 'd' 72
75 'g' 94
76 'd' 69
76 'g' 92
77 'd' 69
77 'g' 93
78 'd' 72
78 'g' 93
79 'd' 72
79 'g' 93
80 'd' 68
80 'g' 94
81 'd' 72
81 'g' 94
82 'd' 72
82 'g' 94
83 'd' 67
83 'g' 66
84 'd' 76
84 'g' 92
85 'd' 76
85 'g' 93
86 'd' 79
86 'g' 93
87 'd' 79
87 'g' 93
88 'd' 67
88 'g' 94
89 'd' 79
89 'g' 94
90 'd' 79
90 'g' 94
91 'd' 76
91 'g' 92
92 'd' 76
92 'g' 93
93 'd' 79
93 'g' 93
94 'd' 79
94 'g' 93
95 'd' 67
95 'g' 94
96 'd' 79
96 'g' 94
97 'd' 79
97 'g' 94
98 'd' 114
98 'g' 1
99 'd' 114
99 'g' 1
100 'd' 115
100 'g' 123
101 'd' 115
101 'g' 93
102 'd' 87
102 'g' 93
103 'd' 87
103 'g' 93
104 'd' 114
104 'g' 94
105 'd' 87
105 'g' 94
106 'd' 87
106 'g' 94
107 'd' 115
107 'g' 123
108 'd' 115
108 'g' 93
109 'd' 87
109 'g' 93
110 'd' 87
110 'g' 93
111 'd' 114
111 'g' 94
112 'd' 87
112 'g' 94
113 'd' 87
113 'g' 94
114 'd' 1
114 'g' 1
115 'd' 122
115 'g' 123
116 'd' 122
116 'g' 93
117 'd' 94
117 'g' 93
118 'd' 94
118 'g' 93
119 'd' 1
119 'g' 94
120 'd' 94
120 'g' 94
121 'd' 94
121 'g' 94
122 'd' 122
122 'g' 123
123 'd' 122
123 'g' 93
124 'd' 94
124 'g' 93
125 'd' 94
125 'g' 93
126 'd' 1
126 'g' 94
127 'd' 94
127 'g' 94
128 'd' 94
128 'g' 94
94
2 3 4 5 6 7 8 9 10 11 12 13 14 15 16 17 18 19 20 21 22 23 24 25 26 27 28 29 30 31 32 33 34 35 36 37 38 39 40 41 42 43 44 45 46 47 48 49 50 51 52 53 54 55 56 57 58 59 60 61 62 63 64 65 68 69 70 71 72 73 74 75 83 84 85 86 87 88 89 90 99 100 101 102 103 104 105 106 114 115 116 117 118 119 120 121