32
01
1 '0' 1
1 '1' 1
2 '0' 3
2 '1' 15
3 '0' 4
3 '1' 15
4 '0' 4
4 '1' 15
5 '0' 4
5 '1' 16
6 '0' 4
6 '1' 16
7 '0' 4
7 '1' 15
8 '0' 4
8 '1' 16
9 '0' 4
9 '1' 16
10 '0' 4
10 '1' 15
11 '0' 3
11 '1' 15
12 '0' 3
12 '1' 16
13 '0' 3
13 '1' 16
14 '0' 3
14 '1' 15
15 '0' 3
15 '1' 16
16 '0' 3
16 '1' 16
17 '0' 3
17 '1' 15
18 '0' 26
18 '1' 1
19 '0' 26
19 '1' 1
20 '0' 26
20 '1' 32
21 '0' 26
21 '1' 32
22 '0' 26
22 '1' 1
23 '0' 26
23 '1' 32
24 '0' 26
24 '1' 32
25 '0' 26
25 '1' 1
26 '0' 1
26 '1' 1
27 '0' 1
27 '1' 32
28 '0' 1
28 '1' 32
29 '0' 1
29 '1' 1
30 '0' 1
30 '1' 32
31 '0' 1
31 '1' 32
32 '0' 1
32 '1' 1
2
4 5 6 7 9 10 11 12 13 14 16 17 19 20 21 22 24 25 26 27 28 29 31 32